--[[
    Protected by Anti-Dump VM Architecture
    Anti-Hook / Anti-Decompile Guard Enabled
]]--
return (function(...)
    -- Anti-Hook & Anti-Debug Kontrolü
    local function _Il1lOI00IllO00()
        if islclosure and isexecutorhook then
            if isexecutorhook(loadstring or load) then
                -- Dump botu tespit edildiğinde sahte koda yönlendir veya çökert
                while true do end
            end
        end
        if debug and debug.info then
            local _, info = pcall(debug.info, 1, "s")
            if info and string.find(tostring(info), "dump") then
                return false
            end
        end
        return true
    end

    if not _Il1lOI00IllO00() then
        local _1Il0I10I0IlOlO = "print('Access Denied: Dump Attempt Detected!')"
        return (loadstring or load)(_1Il0I10I0IlOlO)()
    end

    -- Şifrelenmiş Bellek
    local _l01I11I001I0ll = {207,207,194,177,135,144,148,139,129,135,145,239,232,142,141,129,131,142,194,176,135,146,142,139,129,131,150,135,134,177,150,141,144,131,133,135,194,223,194,133,131,143,135,216,165,135,150,177,135,144,148,139,129,135,202,192,176,135,146,142,139,129,131,150,135,134,177,150,141,144,131,133,135,192,203,239,232,142,141,129,131,142,194,181,141,144,137,145,146,131,129,135,194,223,194,133,131,143,135,216,165,135,150,177,135,144,148,139,129,135,202,192,181,141,144,137,145,146,131,129,135,192,203,239,232,142,141,129,131,142,194,178,142,131,155,135,144,145,194,223,194,133,131,143,135,216,165,135,150,177,135,144,148,139,129,135,202,192,178,142,131,155,135,144,145,192,203,239,232,142,141,129,131,142,194,174,141,129,131,142,178,142,131,155,135,144,194,223,194,178,142,131,155,135,144,145,204,174,141,129,131,142,178,142,131,155,135,144,239,232,239,232,207,207,194,165,183,171,194,161,144,135,131,150,139,141,140,239,232,142,141,129,131,142,194,177,129,144,135,135,140,165,151,139,194,223,194,171,140,145,150,131,140,129,135,204,140,135,149,202,192,177,129,144,135,135,140,165,151,139,192,203,239,232,177,129,144,135,135,140,165,151,139,204,172,131,143,135,194,223,194,192,177,139,143,146,142,135,160,141,150,150,142,135,165,151,139,192,239,232,177,129,144,135,135,140,165,151,139,204,176,135,145,135,150,173,140,177,146,131,149,140,194,223,194,132,131,142,145,135,239,232,177,129,144,135,135,140,165,151,139,204,178,131,144,135,140,150,194,223,194,174,141,129,131,142,178,142,131,155,135,144,216,181,131,139,150,164,141,144,161,138,139,142,134,202,192,178,142,131,155,135,144,165,151,139,192,203,239,232,239,232,207,207,194,175,131,139,140,194,164,144,131,143,135,194,202,13,93,95,142,13,93,95,13,93,95,216,194,211,218,210,154,211,214,210,203,239,232,142,141,129,131,142,194,175,131,139,140,164,144,131,143,135,194,223,194,171,140,145,150,131,140,129,135,204,140,135,149,202,192,164,144,131,143,135,192,203,239,232,175,131,139,140,164,144,131,143,135,204,177,139,152,135,194,223,194,183,166,139,143,208,204,140,135,149,202,210,206,194,211,218,210,206,194,210,206,194,211,214,210,203,239,232,175,131,139,140,164,144,131,143,135,204,178,141,145,139,150,139,141,140,194,223,194,183,166,139,143,208,204,140,135,149,202,210,204,215,206,194,207,219,210,206,194,210,204,215,206,194,207,213,210,203,239,232,175,131,139,140,164,144,131,143,135,204,160,131,129,137,133,144,141,151,140,134,161,141,142,141,144,209,194,223,194,161,141,142,141,144,209,204,132,144,141,143,176,165,160,202,209,210,206,194,209,210,206,194,209,210,203,239,232,175,131,139,140,164,144,131,143,135,204,163,129,150,139,148,135,194,223,194,150,144,151,135,239,232,175,131,139,140,164,144,131,143,135,204,166,144,131,133,133,131,128,142,135,194,223,194,150,144,151,135,239,232,175,131,139,140,164,144,131,143,135,204,178,131,144,135,140,150,194,223,194,177,129,144,135,135,140,165,151,139,239,232,239,232,207,207,194,160,151,150,150,141,140,194,211,216,194,164,131,137,135,194,177,150,135,146,239,232,142,141,129,131,142,194,160,150,140,177,150,135,146,194,223,194,171,140,145,150,131,140,129,135,204,140,135,149,202,192,182,135,154,150,160,151,150,150,141,140,192,203,239,232,160,150,140,177,150,135,146,204,177,139,152,135,194,223,194,183,166,139,143,208,204,140,135,149,202,211,206,194,207,211,210,206,194,210,206,194,209,215,203,239,232,160,150,140,177,150,135,146,204,178,141,145,139,150,139,141,140,194,223,194,183,166,139,143,208,204,140,135,149,202,210,206,194,215,206,194,210,206,194,211,210,203,239,232,160,150,140,177,150,135,146,204,160,131,129,137,133,144,141,151,140,134,161,141,142,141,144,209,194,223,194,161,141,142,141,144,209,204,132,144,141,143,176,165,160,202,212,210,206,194,212,210,206,194,212,210,203,239,232,160,150,140,177,150,135,146,204,182,135,154,150,194,223,194,192,164,131,137,135,194,177,150,135,146,216,194,173,164,164,192,239,232,160,150,140,177,150,135,146,204,182,135,154,150,161,141,142,141,144,209,194,223,194,161,141,142,141,144,209,204,132,144,141,143,176,165,160,202,208,215,215,206,194,208,215,215,206,194,208,215,215,203,239,232,160,150,140,177,150,135,146,204,178,131,144,135,140,150,194,223,194,175,131,139,140,164,144,131,143,135,239,232,239,232,207,207,194,160,151,150,150,141,140,194,208,216,194,164,131,137,135,194,168,151,143,146,239,232,142,141,129,131,142,194,160,150,140,168,151,143,146,194,223,194,171,140,145,150,131,140,129,135,204,140,135,149,202,192,182,135,154,150,160,151,150,150,141,140,192,203,239,232,160,150,140,168,151,143,146,204,177,139,152,135,194,223,194,183,166,139,143,208,204,140,135,149,202,211,206,194,207,211,210,206,194,210,206,194,209,215,203,239,232,160,150,140,168,151,143,146,204,178,141,145,139,150,139,141,140,194,223,194,183,166,139,143,208,204,140,135,149,202,210,206,194,215,206,194,210,206,194,215,210,203,239,232,160,150,140,168,151,143,146,204,160,131,129,137,133,144,141,151,140,134,161,141,142,141,144,209,194,223,194,161,141,142,141,144,209,204,132,144,141,143,176,165,160,202,212,210,206,194,212,210,206,194,212,210,203,239,232,160,150,140,168,151,143,146,204,182,135,154,150,194,223,194,192,164,131,137,135,194,168,151,143,146,216,194,173,164,164,192,239,232,160,150,140,168,151,143,146,204,182,135,154,150,161,141,142,141,144,209,194,223,194,161,141,142,141,144,209,204,132,144,141,143,176,165,160,202,208,215,215,206,194,208,215,215,206,194,208,215,215,203,239,232,160,150,140,168,151,143,146,204,178,131,144,135,140,150,194,223,194,175,131,139,140,164,144,131,143,135,239,232,239,232,207,207,194,160,151,150,150,141,140,194,209,216,194,182,178,194,150,141,194,161,164,144,131,143,135,239,232,142,141,129,131,142,194,160,150,140,182,178,194,223,194,171,140,145,150,131,140,129,135,204,140,135,149,202,192,182,135,154,150,160,151,150,150,141,140,192,203,239,232,160,150,140,182,178,204,177,139,152,135,194,223,194,183,166,139,143,208,204,140,135,149,202,211,206,194,207,211,210,206,194,210,206,194,209,215,203,239,232,160,150,140,182,178,204,178,141,145,139,150,139,141,140,194,223,194,183,166,139,143,208,204,140,135,149,202,210,206,194,215,206,194,210,206,194,219,210,203,239,232,160,150,140,182,178,204,160,131,129,137,133,144,141,151,140,134,161,141,142,141,144,209,194,223,194,161,141,142,141,144,209,204,132,144,141,143,176,165,160,202,212,210,206,194,212,210,206,194,212,210,203,239,232,160,150,140,182,178,204,182,135,154,150,194,223,194,192,182,178,194,150,141,194,174,141,129,131,150,139,141,140,192,239,232,160,150,140,182,178,204,182,135,154,150,161,141,142,141,144,209,194,223,194,161,141,142,141,144,209,204,132,144,141,143,176,165,160,202,208,215,215,206,194,208,215,215,206,194,208,215,215,203,239,232,160,150,140,182,178,204,178,131,144,135,140,150,194,223,194,175,131,139,140,164,144,131,143,135,239,232,239,232,207,207,207,207,207,207,207,207,207,207,207,207,207,207,207,207,207,207,207,207,207,207,207,207,207,207,207,207,207,207,207,207,207,207,207,207,207,207,207,207,207,207,207,207,207,207,207,207,207,207,207,207,207,207,207,207,207,207,207,207,207,207,207,207,207,207,207,207,207,207,207,207,207,207,207,207,207,207,207,207,239,232,207,207,194,166,248,187,248,176,174,248,176,194,180,248,194,174,173,173,178,207,174,163,176,239,232,207,207,207,207,207,207,207,207,207,207,207,207,207,207,207,207,207,207,207,207,207,207,207,207,207,207,207,207,207,207,207,207,207,207,207,207,207,207,207,207,207,207,207,207,207,207,207,207,207,207,207,207,207,207,207,207,207,207,207,207,207,207,207,207,207,207,207,207,207,207,207,207,207,207,207,207,207,207,207,207,239,232,142,141,129,131,142,194,132,131,137,135,177,150,135,146,163,129,150,139,148,135,194,223,194,132,131,142,145,135,239,232,142,141,129,131,142,194,132,131,137,135,168,151,143,146,163,129,150,139,148,135,194,223,194,132,131,142,145,135,239,232,239,232,207,207,194,174,141,133,134,131,140,194,133,13,93,95,150,13,93,95,144,13,93,95,142,143,13,93,95,248,194,128,131,248,142,131,140,248,248,129,194,146,131,144,131,143,135,150,144,142,248,144,139,239,232,142,141,129,131,142,194,129,151,144,144,135,140,150,178,144,141,133,144,135,145,145,194,223,194,211,208,215,208,239,232,142,141,129,131,142,194,129,151,144,144,135,140,150,174,135,148,135,142,194,223,194,211,213,239,232,142,141,129,131,142,194,144,135,147,177,150,135,146,145,194,223,194,212,215,209,210,239,232,239,232,160,150,140,177,150,135,146,204,175,141,151,145,135,160,151,150,150,141,140,211,161,142,139,129,137,216,161,141,140,140,135,129,150,202,132,151,140,129,150,139,141,140,202,203,239,232,194,194,194,194,132,131,137,135,177,150,135,146,163,129,150,139,148,135,194,223,194,140,141,150,194,132,131,137,135,177,150,135,146,163,129,150,139,148,135,239,232,194,194,194,194,160,150,140,177,150,135,146,204,182,135,154,150,194,223,194,132,131,137,135,177,150,135,146,163,129,150,139,148,135,194,131,140,134,194,192,164,131,137,135,194,177,150,135,146,216,194,173,172,192,194,141,144,194,192,164,131,137,135,194,177,150,135,146,216,194,173,164,164,192,239,232,194,194,194,194,160,150,140,177,150,135,146,204,160,131,129,137,133,144,141,151,140,134,161,141,142,141,144,209,194,223,194,132,131,137,135,177,150,135,146,163,129,150,139,148,135,194,131,140,134,194,161,141,142,141,144,209,204,132,144,141,143,176,165,160,202,214,212,206,194,211,208,215,206,194,215,210,203,194,141,144,194,161,141,142,141,144,209,204,132,144,141,143,176,165,160,202,212,210,206,194,212,210,206,194,212,210,203,239,232,239,232,194,194,194,194,150,131,145,137,204,145,146,131,149,140,202,132,151,140,129,150,139,141,140,202,203,239,232,194,194,194,194,194,194,194,194,149,138,139,142,135,194,132,131,137,135,177,150,135,146,163,129,150,139,148,135,194,134,141,239,232,194,194,194,194,194,194,194,194,194,194,194,194,129,151,144,144,135,140,150,178,144,141,133,144,135,145,145,194,223,194,129,151,144,144,135,140,150,178,144,141,133,144,135,145,145,194,201,194,215,209,239,232,194,194,194,194,194,194,194,194,194,194,194,194,139,132,194,129,151,144,144,135,140,150,178,144,141,133,144,135,145,145,194,220,223,194,144,135,147,177,150,135,146,145,194,150,138,135,140,239,232,194,194,194,194,194,194,194,194,194,194,194,194,194,194,194,194,129,151,144,144,135,140,150,178,144,141,133,144,135,145,145,194,223,194,210,239,232,194,194,194,194,194,194,194,194,194,194,194,194,194,194,194,194,129,151,144,144,135,140,150,174,135,148,135,142,194,223,194,129,151,144,144,135,140,150,174,135,148,135,142,194,201,194,211,239,232,194,194,194,194,194,194,194,194,194,194,194,194,135,140,134,239,232,239,232,194,194,194,194,194,194,194,194,194,194,194,194,142,141,129,131,142,194,146,131,155,142,141,131,134,194,223,194,153,239,232,194,194,194,194,194,194,194,194,194,194,194,194,194,194,194,194,163,143,141,151,140,150,178,135,144,177,150,135,146,194,223,194,215,209,206,239,232,194,194,194,194,194,194,194,194,194,194,194,194,194,194,194,194,171,140,139,150,139,131,142,194,223,194,132,131,142,145,135,206,239,232,194,194,194,194,194,194,194,194,194,194,194,194,194,194,194,194,174,135,148,135,142,194,223,194,129,151,144,144,135,140,150,174,135,148,135,142,206,239,232,194,194,194,194,194,194,194,194,194,194,194,194,194,194,194,194,174,135,148,135,142,135,134,183,146,194,223,194,132,131,142,145,135,206,239,232,194,194,194,194,194,194,194,194,194,194,194,194,194,194,194,194,173,142,134,174,135,148,135,142,194,223,194,129,151,144,144,135,140,150,174,135,148,135,142,206,239,232,194,194,194,194,194,194,194,194,194,194,194,194,194,194,194,194,173,142,134,176,135,147,151,139,144,135,134,177,150,135,146,145,194,223,194,144,135,147,177,150,135,146,145,206,239,232,194,194,194,194,194,194,194,194,194,194,194,194,194,194,194,194,178,141,146,151,146,163,143,141,151,140,150,194,223,194,215,209,206,239,232,194,194,194,194,194,194,194,194,194,194,194,194,194,194,194,194,178,144,141,133,144,135,145,145,194,223,194,129,151,144,144,135,140,150,178,144,141,133,144,135,145,145,206,239,232,194,194,194,194,194,194,194,194,194,194,194,194,194,194,194,194,176,135,128,139,144,150,138,175,151,142,150,139,146,142,139,135,144,194,223,194,211,206,239,232,194,194,194,194,194,194,194,194,194,194,194,194,194,194,194,194,176,135,128,139,144,150,138,145,194,223,194,210,206,239,232,194,194,194,194,194,194,194,194,194,194,194,194,194,194,194,194,176,135,147,151,139,144,135,134,177,150,135,146,145,194,223,194,144,135,147,177,150,135,146,145,206,239,232,194,194,194,194,194,194,194,194,194,194,194,194,194,194,194,194,177,138,141,149,178,141,146,151,146,194,223,194,150,144,151,135,206,239,232,194,194,194,194,194,194,194,194,194,194,194,194,194,194,194,194,182,141,150,131,142,177,146,135,135,134,194,223,194,211,214,215,218,212,206,239,232,194,194,194,194,194,194,194,194,194,194,194,194,194,194,194,194,181,131,142,137,177,146,135,135,134,194,223,194,215,218,239,232,194,194,194,194,194,194,194,194,194,194,194,194,159,239,232,239,232,194,194,194,194,194,194,194,194,194,194,194,194,142,141,129,131,142,194,144,135,143,141,150,135,194,223,194,176,135,146,142,139,129,131,150,135,134,177,150,141,144,131,133,135,216,164,139,140,134,164,139,144,145,150,161,138,139,142,134,202,192,160,141,150,150,142,135,177,150,135,146,183,146,134,131,150,135,192,203,239,232,194,194,194,194,194,194,194,194,194,194,194,194,139,132,194,144,135,143,141,150,135,194,150,138,135,140,239,232,194,194,194,194,194,194,194,194,194,194,194,194,194,194,194,194,207,207,194,175,135,150,138,141,134,194,163,216,194,167,154,135,129,151,150,141,144,207,142,131,144,248,140,194,173,140,161,142,139,135,140,150,167,148,135,140,150,194,150,135,150,139,137,142,248,143,248,194,132,151,140,137,145,139,155,131,145,248,239,232,194,194,194,194,194,194,194,194,194,194,194,194,194,194,194,194,139,132,194,132,139,144,135,145,139,133,140,131,142,194,150,138,135,140,239,232,194,194,194,194,194,194,194,194,194,194,194,194,194,194,194,194,194,194,194,194,132,139,144,135,145,139,133,140,131,142,202,144,135,143,141,150,135,204,173,140,161,142,139,135,140,150,167,148,135,140,150,206,194,146,131,155,142,141,131,134,203,239,232,194,194,194,194,194,194,194,194,194,194,194,194,194,194,194,194,135,142,145,135,239,232,194,194,194,194,194,194,194,194,194,194,194,194,194,194,194,194,194,194,194,194,207,207,194,175,135,150,138,141,134,194,160,216,194,167,138,150,139,155,131,150,194,132,139,152,139,137,139,194,131,134,134,248,143,194,202,132,139,144,135,145,139,133,140,131,142,194,134,248,145,150,248,137,142,248,140,143,139,144,145,248,203,239,232,194,194,194,194,194,194,194,194,194,194,194,194,194,194,194,194,194,194,194,194,142,141,129,131,142,194,129,138,131,144,194,223,194,174,141,129,131,142,178,142,131,155,135,144,204,161,138,131,144,131,129,150,135,144,239,232,194,194,194,194,194,194,194,194,194,194,194,194,194,194,194,194,194,194,194,194,142,141,129,131,142,194,138,144,146,194,223,194,129,138,131,144,194,131,140,134,194,129,138,131,144,216,164,139,140,134,164,139,144,145,150,161,138,139,142,134,202,192,170,151,143,131,140,141,139,134,176,141,141,150,178,131,144,150,192,203,239,232,194,194,194,194,194,194,194,194,194,194,194,194,194,194,194,194,194,194,194,194,139,132,194,138,144,146,194,150,138,135,140,239,232,194,194,194,194,194,194,194,194,194,194,194,194,194,194,194,194,194,194,194,194,194,194,194,194,138,144,146,204,161,164,144,131,143,135,194,223,194,138,144,146,204,161,164,144,131,143,135,194,200,194,161,164,144,131,143,135,204,140,135,149,202,210,206,194,210,206,194,210,204,210,215,203,239,232,194,194,194,194,194,194,194,194,194,194,194,194,194,194,194,194,194,194,194,194,194,194,194,194,150,131,145,137,204,149,131,139,150,202,203,239,232,194,194,194,194,194,194,194,194,194,194,194,194,194,194,194,194,194,194,194,194,194,194,194,194,138,144,146,204,161,164,144,131,143,135,194,223,194,138,144,146,204,161,164,144,131,143,135,194,200,194,161,164,144,131,143,135,204,140,135,149,202,210,206,194,210,206,194,207,210,204,210,215,203,239,232,194,194,194,194,194,194,194,194,194,194,194,194,194,194,194,194,194,194,194,194,135,140,134,239,232,194,194,194,194,194,194,194,194,194,194,194,194,194,194,194,194,135,140,134,239,232,194,194,194,194,194,194,194,194,194,194,194,194,135,140,134,239,232,194,194,194,194,194,194,194,194,194,194,194,194,150,131,145,137,204,149,131,139,150,202,210,204,210,215,203,239,232,194,194,194,194,194,194,194,194,135,140,134,239,232,194,194,194,194,135,140,134,203,239,232,135,140,134,203,239,232,239,232,207,207,194,164,163,169,167,194,168,183,175,178,239,232,160,150,140,168,151,143,146,204,175,141,151,145,135,160,151,150,150,141,140,211,161,142,139,129,137,216,161,141,140,140,135,129,150,202,132,151,140,129,150,139,141,140,202,203,239,232,194,194,194,194,132,131,137,135,168,151,143,146,163,129,150,139,148,135,194,223,194,140,141,150,194,132,131,137,135,168,151,143,146,163,129,150,139,148,135,239,232,194,194,194,194,160,150,140,168,151,143,146,204,182,135,154,150,194,223,194,132,131,137,135,168,151,143,146,163,129,150,139,148,135,194,131,140,134,194,192,164,131,137,135,194,168,151,143,146,216,194,173,172,192,194,141,144,194,192,164,131,137,135,194,168,151,143,146,216,194,173,164,164,192,239,232,194,194,194,194,160,150,140,168,151,143,146,204,160,131,129,137,133,144,141,151,140,134,161,141,142,141,144,209,194,223,194,132,131,137,135,168,151,143,146,163,129,150,139,148,135,194,131,140,134,194,161,141,142,141,144,209,204,132,144,141,143,176,165,160,202,214,212,206,194,211,208,215,206,194,215,210,203,194,141,144,194,161,141,142,141,144,209,204,132,144,141,143,176,165,160,202,212,210,206,194,212,210,206,194,212,210,203,239,232,239,232,194,194,194,194,150,131,145,137,204,145,146,131,149,140,202,132,151,140,129,150,139,141,140,202,203,239,232,194,194,194,194,194,194,194,194,149,138,139,142,135,194,132,131,137,135,168,151,143,146,163,129,150,139,148,135,194,134,141,239,232,194,194,194,194,194,194,194,194,194,194,194,194,142,141,129,131,142,194,129,138,131,144,194,223,194,174,141,129,131,142,178,142,131,155,135,144,204,161,138,131,144,131,129,150,135,144,239,232,194,194,194,194,194,194,194,194,194,194,194,194,139,132,194,129,138,131,144,194,150,138,135,140,239,232,194,194,194,194,194,194,194,194,194,194,194,194,194,194,194,194,207,207,194,211,204,194,161,142,139,135,140,150,194,167,148,135,140,150,194,180,139,145,151,131,142,239,232,194,194,194,194,194,194,194,194,194,194,194,194,194,194,194,194,142,141,129,131,142,194,150,131,144,133,135,150,173,128,136,194,223,194,181,141,144,137,145,146,131,129,135,216,164,139,140,134,164,139,144,145,150,161,138,139,142,134,202,174,141,129,131,142,178,142,131,155,135,144,204,172,131,143,135,203,194,141,144,194,181,141,144,137,145,146,131,129,135,216,164,139,140,134,164,139,144,145,150,161,138,139,142,134,202,192,177,131,132,135,145,150,182,131,154,139,211,210,192,203,239,232,194,194,194,194,194,194,194,194,194,194,194,194,194,194,194,194,139,132,194,150,131,144,133,135,150,173,128,136,194,131,140,134,194,150,131,144,133,135,150,173,128,136,216,164,139,140,134,164,139,144,145,150,161,138,139,142,134,202,192,160,141,150,150,142,135,168,151,143,146,180,139,145,151,131,142,192,203,194,150,138,135,140,239,232,194,194,194,194,194,194,194,194,194,194,194,194,194,194,194,194,194,194,194,194,142,141,129,131,142,194,148,139,145,151,131,142,173,128,136,194,223,194,150,131,144,133,135,150,173,128,136,204,160,141,150,150,142,135,168,151,143,146,180,139,145,151,131,142,239,232,194,194,194,194,194,194,194,194,194,194,194,194,194,194,194,194,194,194,194,194,139,132,194,132,139,144,135,145,139,133,140,131,142,194,131,140,134,194,148,139,145,151,131,142,173,128,136,216,171,145,163,202,192,176,135,143,141,150,135,167,148,135,140,150,192,203,194,150,138,135,140,239,232,194,194,194,194,194,194,194,194,194,194,194,194,194,194,194,194,194,194,194,194,194,194,194,194,132,139,144,135,145,139,133,140,131,142,202,148,139,145,151,131,142,173,128,136,204,173,140,161,142,139,135,140,150,167,148,135,140,150,203,239,232,194,194,194,194,194,194,194,194,194,194,194,194,194,194,194,194,194,194,194,194,135,142,145,135,139,132,194,148,139,145,151,131,142,173,128,136,216,171,145,163,202,192,160,139,140,134,131,128,142,135,167,148,135,140,150,192,203,194,150,138,135,140,239,232,194,194,194,194,194,194,194,194,194,194,194,194,194,194,194,194,194,194,194,194,194,194,194,194,148,139,145,151,131,142,173,128,136,216,164,139,144,135,202,203,239,232,194,194,194,194,194,194,194,194,194,194,194,194,194,194,194,194,194,194,194,194,135,140,134,239,232,194,194,194,194,194,194,194,194,194,194,194,194,194,194,194,194,135,140,134,239,232,239,232,194,194,194,194,194,194,194,194,194,194,194,194,194,194,194,194,207,207,194,208,204,194,170,151,143,131,140,141,139,134,194,168,151,143,146,194,180,139,152,151,131,142,248,239,232,194,194,194,194,194,194,194,194,194,194,194,194,194,194,194,194,142,141,129,131,142,194,138,151,143,194,223,194,129,138,131,144,216,164,139,140,134,164,139,144,145,150,161,138,139,142,134,173,132,161,142,131,145,145,202,192,170,151,143,131,140,141,139,134,192,203,239,232,194,194,194,194,194,194,194,194,194,194,194,194,194,194,194,194,139,132,194,138,151,143,194,150,138,135,140,239,232,194,194,194,194,194,194,194,194,194,194,194,194,194,194,194,194,194,194,194,194,138,151,143,216,161,138,131,140,133,135,177,150,131,150,135,202,167,140,151,143,204,170,151,143,131,140,141,139,134,177,150,131,150,135,182,155,146,135,204,168,151,143,146,139,140,133,203,239,232,194,194,194,194,194,194,194,194,194,194,194,194,194,194,194,194,135,140,134,239,232,194,194,194,194,194,194,194,194,194,194,194,194,135,140,134,239,232,194,194,194,194,194,194,194,194,194,194,194,194,150,131,145,137,204,149,131,139,150,202,210,204,208,215,203,239,232,194,194,194,194,194,194,194,194,135,140,134,239,232,194,194,194,194,135,140,134,203,239,232,135,140,134,203,239,232,239,232,207,207,194,182,178,194,182,173,194,161,164,176,163,175,167,239,232,160,150,140,182,178,204,175,141,151,145,135,160,151,150,150,141,140,211,161,142,139,129,137,216,161,141,140,140,135,129,150,202,132,151,140,129,150,139,141,140,202,203,239,232,194,194,194,194,142,141,129,131,142,194,129,138,131,144,131,129,150,135,144,194,223,194,174,141,129,131,142,178,142,131,155,135,144,204,161,138,131,144,131,129,150,135,144,239,232,194,194,194,194,142,141,129,131,142,194,138,144,146,194,223,194,129,138,131,144,131,129,150,135,144,194,131,140,134,194,129,138,131,144,131,129,150,135,144,216,164,139,140,134,164,139,144,145,150,161,138,139,142,134,202,192,170,151,143,131,140,141,139,134,176,141,141,150,178,131,144,150,192,203,239,232,239,232,194,194,194,194,139,132,194,138,144,146,194,150,138,135,140,239,232,194,194,194,194,194,194,194,194,138,144,146,204,161,164,144,131,143,135,194,223,194,161,164,144,131,143,135,204,140,135,149,202,239,232,194,194,194,194,194,194,194,194,194,194,194,194,211,211,214,204,208,209,213,218,214,212,206,194,211,214,204,208,212,218,218,212,212,215,206,194,219,215,210,214,204,212,209,213,213,206,239,232,194,194,194,194,194,194,194,194,194,194,194,194,207,210,204,210,218,213,219,208,208,213,213,214,209,206,194,207,209,204,213,215,208,215,209,213,211,209,135,207,210,218,206,194,207,210,204,219,219,212,211,208,213,209,210,213,206,239,232,194,194,194,194,194,194,194,194,194,194,194,194,207,211,204,213,211,211,209,208,212,209,213,135,207,210,218,206,194,211,206,194,207,209,204,212,211,212,210,213,212,209,209,135,207,210,218,206,239,232,194,194,194,194,194,194,194,194,194,194,194,194,210,204,219,219,212,211,208,213,209,210,213,206,194,211,204,209,218,212,213,212,209,215,135,207,210,218,206,194,207,210,204,210,218,213,219,208,208,213,213,214,209,239,232,194,194,194,194,194,194,194,194,203,239,232,194,194,194,194,135,140,134,239,232,135,140,134,203,239,232}
    local key = 226

    -- XOR Çözme İşlemi (Memory Sweep)
    for i = 1, #_l01I11I001I0ll do
        _l01I11I001I0ll[i] = string.char(bit32 and bit32.bxor(_l01I11I001I0ll[i], key) or (_l01I11I001I0ll[i] ~ key))
    end

    local _lOOlO0I001IIIO = table.concat(_l01I11I001I0ll)
    _l01I11I001I0ll = nil -- Belleği anında temizle (Memory Dump Engelleyici)

    local _l0lOO1IO0lOll1 = loadstring or load
    
    -- Çözülen veriyi çalıştırıp bellekten sil
    local result = {_l0lOO1IO0lOll1(_lOOlO0I001IIIO)(...)}
    _lOOlO0I001IIIO = nil
    return unpack(result)
end)(...);